CDRMV3/输出数据/2D水深分布/水深状态_0134.ASC
ncols         194            
nrows         144            
xllcorner     602630.84259341
yllcorner     3914823.670891 
cellsize      500             
NODATA_value  -9999.00      
[rows 62 to 92 of 144, columns 71 to 141 of 194]
0.00 0.00 86.67 71.25 0.00 67.74 84.28 84.89 63.09 86.17 0.00 82.17 68.13 83.40 84.71 55.90 0.00 54.09 0.00 0.00 64.09 53.49 64.61 83.77 56.23 84.13 0.00 68.13 53.21 67.71 45.19 0.00 0.00 75.97 55.86 59.61 86.28 47.44 84.41 50.48 59.67 48.38 86.35 0.00 63.59 54.67 73.29 0.00 86.07 85.45 71.70 0.00 0.00 0.00 0.00 0.00 0.00 66.68 0.00 86.29 64.65 37.22 59.09 73.36 72.42 0.00 41.00 0.00 43.38 85.63 38.79
0.00 0.00 0.00 0.00 84.38 83.84 65.07 85.51 88.02 69.86 0.00 81.12 59.11 85.24 65.37 0.00 63.40 0.00 63.09 82.52 71.49 71.72 84.16 64.61 64.48 63.85 0.00 50.87 86.05 47.02 0.00 45.72 0.00 64.06 49.27 59.30 51.18 0.00 55.35 77.77 45.89 0.00 0.00 62.18 38.26 36.29 85.66 0.00 72.64 0.00 0.00 85.66 48.82 46.35 46.24 82.56 84.82 0.00 83.57 0.00 0.00 0.00 0.00 79.99 0.00 34.52 34.47 39.38 0.00 35.65 38.86
0.00 0.00 0.00 0.00 73.28 85.71 84.35 0.00 84.28 72.40 0.00 84.61 87.21 82.54 63.25 0.00 0.00 66.75 83.82 82.18 83.90 85.42 82.53 51.72 81.19 59.18 0.00 0.00 55.83 43.26 0.00 58.56 0.00 57.55 55.09 45.09 45.24 0.00 48.63 37.90 0.00 63.40 56.73 46.04 83.90 84.14 0.00 0.00 0.00 61.82 84.87 0.00 85.73 87.79 59.11 81.38 84.20 0.00 36.12 31.86 0.00 0.00 40.04 0.00 0.00 0.00 64.60 0.00 39.08 35.17 34.15
38.56 84.19 83.56 0.00 0.00 0.00 0.00 0.00 84.10 69.65 0.00 0.00 72.61 0.00 0.00 69.17 84.20 84.23 83.86 83.11 85.43 63.58 0.00 74.05 87.18 54.41 56.65 0.00 53.50 0.00 44.11 0.00 57.96 65.77 84.84 84.41 0.00 61.27 57.55 48.63 54.77 0.00 78.93 0.00 0.00 0.00 84.32 0.00 50.67 55.92 81.04 82.45 0.00 60.65 83.84 51.47 47.85 84.83 0.00 43.85 38.24 35.36 40.48 52.11 58.10 36.54 0.00 0.00 45.89 0.00 0.00
44.37 76.88 60.10 0.00 0.00 84.73 85.36 88.35 0.00 0.00 0.00 69.13 0.00 72.52 83.91 84.54 66.44 86.39 87.37 85.16 66.24 0.00 64.58 68.13 52.43 0.00 0.00 0.00 0.00 51.86 46.62 0.00 48.38 81.99 52.43 83.95 0.00 54.41 84.44 84.02 47.44 83.48 0.00 0.00 84.53 83.90 0.00 84.23 0.00 83.62 49.17 83.93 61.56 0.00 51.09 83.87 56.52 83.69 39.70 0.00 0.00 59.20 33.82 34.82 51.52 39.17 69.21 34.90 0.00 85.04 61.80
49.61 42.59 41.49 76.72 37.73 48.58 52.82 82.11 85.92 88.99 0.00 0.00 83.52 84.08 85.51 69.65 0.00 0.00 61.64 82.93 0.00 68.55 68.50 65.15 0.00 48.13 55.83 64.34 57.09 63.40 56.65 0.00 59.95 54.74 85.78 0.00 62.51 83.59 57.09 83.67 85.64 84.42 0.00 0.00 83.65 82.68 59.67 0.00 83.73 0.00 81.27 53.65 59.42 49.77 0.00 0.00 81.67 57.32 48.45 38.48 0.00 81.21 51.19 35.79 35.55 68.54 34.85 84.29 0.00 35.11 58.09
71.49 71.72 63.40 44.11 46.48 42.64 84.46 42.06 60.15 72.22 86.50 0.00 0.00 85.08 71.94 0.00 66.67 72.26 84.35 0.00 78.95 59.67 0.00 0.00 61.64 64.43 40.93 57.09 61.22 60.12 0.00 54.16 64.84 84.54 52.18 53.21 0.00 84.50 83.83 85.22 85.98 0.00 83.56 0.00 0.00 65.17 66.97 83.70 87.18 61.27 0.00 0.00 0.00 56.23 76.35 85.10 0.00 48.01 52.19 40.37 0.00 84.16 35.17 39.97 39.85 34.27 41.25 53.76 85.82 0.00 82.45
83.58 69.17 70.19 65.19 65.19 53.46 45.19 42.36 41.21 60.54 0.00 0.00 88.94 0.00 0.00 70.99 83.19 0.00 0.00 68.12 0.00 0.00 64.58 70.59 71.49 66.96 84.26 60.50 84.21 83.96 57.65 0.00 65.08 66.75 85.50 84.32 54.74 0.00 84.51 69.13 0.00 0.00 0.00 84.37 61.22 0.00 0.00 59.11 77.73 85.82 47.89 88.04 46.95 0.00 41.00 39.64 67.34 0.00 42.52 39.96 41.04 0.00 35.62 85.17 37.59 37.79 43.43 34.63 85.45 86.36 0.00
83.65 80.79 82.03 82.86 57.11 64.06 64.58 67.33 46.57 41.29 0.00 0.00 33.36 85.49 0.00 0.00 0.00 70.20 0.00 0.00 84.08 64.06 83.65 67.19 71.01 84.52 68.86 84.26 69.53 84.27 59.43 0.00 62.30 63.59 86.09 60.65 85.73 0.00 84.81 0.00 85.24 0.00 0.00 0.00 86.83 55.45 84.39 0.00 45.24 41.76 83.74 85.84 41.11 36.91 0.00 36.34 36.78 85.97 40.16 34.47 85.67 64.93 0.00 84.58 85.58 56.85 34.82 39.46 36.11 85.30 0.00
70.20 85.41 83.71 70.59 82.30 83.47 83.62 71.01 83.82 47.90 46.03 59.06 0.00 0.00 49.46 88.38 0.00 0.00 71.11 70.63 84.68 82.81 84.24 49.28 57.65 0.00 54.55 85.40 70.21 64.06 84.34 57.09 0.00 83.74 86.47 84.02 86.08 0.00 0.00 84.51 60.12 59.30 0.00 51.47 84.54 87.13 48.67 83.27 0.00 38.90 57.03 37.63 85.78 34.63 0.00 37.04 35.93 87.08 36.95 37.73 37.54 37.26 0.00 42.23 40.04 38.53 37.26 35.36 70.00 85.06 54.82
84.79 66.75 85.20 69.65 83.96 84.92 84.71 65.15 85.81 59.26 55.54 50.36 0.00 0.00 70.75 84.11 75.24 0.00 86.30 84.94 85.43 84.56 57.11 0.00 0.00 67.23 84.51 61.22 61.22 83.89 68.50 86.18 0.00 84.29 88.21 0.00 0.00 0.00 0.00 0.00 84.04 81.54 46.62 0.00 76.24 66.97 44.89 43.27 86.47 0.00 36.46 40.45 61.53 39.69 37.45 0.00 37.45 37.73 85.05 34.06 34.82 0.00 38.02 0.00 35.20 39.51 85.32 41.41 39.43 75.70 39.08
85.52 84.15 55.75 83.69 86.02 73.07 72.40 0.00 64.58 69.65 70.21 68.50 63.62 48.20 70.21 62.77 85.36 0.00 86.67 85.78 67.53 0.00 0.00 60.51 78.95 63.09 61.82 85.35 83.87 84.89 83.77 84.99 0.00 84.89 0.00 0.00 0.00 0.00 84.13 50.07 86.78 85.25 84.91 77.84 0.00 44.24 41.62 40.84 85.07 37.26 0.00 84.25 33.92 73.34 35.17 0.00 57.23 51.67 34.87 34.85 53.46 0.00 36.04 0.00 71.28 86.35 39.36 41.47 39.99 63.05 39.56
0.00 81.95 48.46 84.79 86.54 78.55 0.00 57.91 65.79 84.32 67.41 83.61 69.13 53.75 47.89 58.77 85.27 87.87 0.00 70.99 0.00 61.78 83.32 51.26 83.27 82.32 83.70 86.79 84.31 85.75 84.21 86.36 0.00 0.00 68.50 0.00 0.00 59.43 0.00 49.76 65.79 53.24 84.41 84.37 46.57 0.00 52.73 39.74 53.57 39.19 0.00 84.86 33.16 36.11 34.68 0.00 54.28 33.17 42.83 32.67 53.79 0.00 40.38 34.15 0.00 36.33 44.39 67.83 35.83 35.59 34.93
60.01 0.00 83.35 56.23 56.65 0.00 48.89 84.32 62.51 84.70 84.43 84.31 84.06 72.64 54.35 46.69 79.16 83.77 0.00 0.00 0.00 84.35 86.97 84.52 0.00 0.00 0.00 0.00 0.00 0.00 0.00 0.00 0.00 68.84 84.37 66.67 84.39 0.00 0.00 0.00 86.47 85.88 36.19 75.79 74.69 34.68 85.70 40.74 34.10 39.39 62.67 0.00 0.00 34.55 36.73 33.54 0.00 66.11 32.15 34.42 85.59 83.79 39.12 42.76 84.58 0.00 79.65 41.94 36.08 36.46 68.56
53.17 44.40 0.00 84.96 0.00 0.00 44.91 88.13 55.09 85.49 71.25 85.30 84.73 70.20 72.64 49.22 71.53 80.19 86.09 0.00 0.00 0.00 0.00 0.00 0.00 0.00 71.00 84.41 83.85 0.00 0.00 72.50 0.00 0.00 0.00 0.00 86.42 0.00 0.00 83.45 0.00 84.68 51.69 35.62 67.03 57.16 38.51 86.46 35.79 69.00 84.85 51.06 0.00 90.62 77.45 34.27 54.31 86.15 34.01 36.48 34.24 58.78 36.38 86.30 40.32 48.45 0.00 36.58 72.11 87.53 36.08
66.24 55.28 0.00 0.00 57.91 62.47 0.00 64.58 41.59 84.33 63.11 86.71 85.20 84.87 64.08 43.88 75.72 68.30 71.94 86.22 0.00 0.00 88.34 85.89 71.82 85.57 0.00 0.00 70.34 73.71 0.00 89.32 69.13 0.00 0.00 84.45 0.00 0.00 0.00 0.00 0.00 0.00 0.00 34.34 38.14 39.56 39.77 37.63 81.45 35.02 70.32 37.49 0.00 33.46 66.99 83.99 35.14 51.51 55.51 33.32 83.46 34.96 61.56 35.17 40.39 41.58 0.00 0.00 86.54 39.90 41.82
75.47 65.37 56.56 55.28 66.68 62.47 85.69 0.00 0.00 0.00 55.83 66.75 0.00 70.59 83.55 70.34 62.81 49.00 67.02 83.83 0.00 0.00 84.58 70.99 85.99 69.90 86.13 84.48 0.00 70.99 85.88 86.71 88.20 0.00 0.00 52.83 84.58 0.00 0.00 0.00 0.00 0.00 0.00 0.00 33.80 38.37 60.63 34.22 33.13 37.35 76.85 77.30 85.50 37.22 46.90 34.08 37.14 33.94 38.62 37.90 39.41 39.64 39.56 37.00 64.22 0.00 85.27 0.00 42.93 38.51 41.66
75.51 71.83 70.61 72.40 73.66 69.50 60.82 0.00 0.00 55.64 85.74 60.65 0.00 66.96 83.67 83.91 72.61 61.56 74.45 68.07 0.00 0.00 84.91 83.58 68.72 85.43 84.40 84.24 84.65 88.00 84.77 50.30 84.43 87.49 0.00 54.09 85.93 52.05 37.68 85.34 34.60 35.20 0.00 39.77 0.00 84.95 55.62 53.05 33.16 38.97 56.69 33.52 88.70 51.42 34.60 39.93 36.44 34.71 35.26 34.49 33.73 75.82 84.43 84.90 0.00 71.85 44.58 84.03 0.00 0.00 41.16
75.36 71.70 84.93 84.59 72.50 66.94 66.67 0.00 0.00 58.56 64.06 0.00 64.06 0.00 0.00 83.97 81.09 70.21 50.63 69.63 0.00 0.00 0.00 84.73 55.72 53.49 60.65 54.41 49.12 44.65 86.57 84.88 49.27 86.36 46.78 0.00 41.04 40.52 41.21 59.70 39.10 47.72 0.00 34.90 36.70 38.86 37.79 38.17 58.32 33.52 32.98 37.90 36.58 37.01 37.77 33.94 32.48 87.49 72.12 56.70 39.43 36.70 61.79 85.83 59.85 41.21 84.36 61.19 35.59 0.00 0.00
60.01 80.84 86.79 65.71 69.91 60.82 0.00 62.30 55.90 0.00 0.00 58.56 66.94 85.88 82.77 85.22 81.12 72.64 69.54 75.47 83.97 89.70 72.61 0.00 62.82 0.00 0.00 0.00 0.00 56.23 48.67 85.18 84.15 59.38 45.15 84.54 0.00 84.76 40.25 35.42 40.30 55.33 38.19 0.00 0.00 91.89 85.84 71.41 33.41 33.31 37.73 33.71 38.62 36.34 34.93 87.66 34.73 39.77 84.75 88.08 34.82 38.67 41.32 35.14 36.58 40.01 42.72 36.11 43.02 70.45 0.00
0.00 0.00 0.00 60.01 68.18 84.58 0.00 86.68 65.19 46.16 0.00 84.64 84.42 73.28 85.63 83.87 82.11 72.52 84.08 39.90 83.52 85.91 86.58 0.00 0.00 45.52 83.82 83.71 53.24 0.00 53.17 53.79 76.27 59.84 42.02 84.81 37.04 84.97 84.71 36.70 38.36 33.39 0.00 85.29 34.87 33.02 33.50 36.71 32.76 52.30 37.14 61.85 49.32 55.63 84.80 39.71 33.99 40.64 0.00 39.64 43.60 85.47 37.78 34.57 34.57 34.99 41.33 54.47 53.61 84.24 85.77
65.07 70.20 83.21 65.08 70.18 0.00 70.99 87.77 54.55 44.35 0.00 56.23 70.59 84.98 84.26 83.45 69.54 72.52 70.18 45.79 44.58 85.52 85.89 0.00 0.00 0.00 0.00 54.50 57.96 45.89 0.00 85.67 83.81 42.83 46.30 63.31 85.07 37.49 84.02 41.90 44.43 33.54 0.00 47.35 63.33 36.38 34.47 33.80 56.37 77.51 37.97 84.41 69.44 59.21 87.45 34.68 62.79 42.10 0.00 87.60 84.46 37.78 39.96 53.93 52.56 58.04 44.49 47.56 65.14 73.25 71.32
44.12 57.40 69.13 65.78 84.61 0.00 62.30 84.69 66.94 53.65 0.00 59.26 55.15 64.08 68.86 84.93 69.17 70.40 60.05 45.63 40.69 85.18 0.00 0.00 0.00 37.59 60.17 0.00 87.87 69.55 84.05 84.69 43.38 84.68 56.02 39.02 69.09 72.12 41.00 41.82 40.85 83.23 0.00 84.68 33.94 35.20 71.54 57.85 86.35 38.34 36.38 85.38 83.40 0.00 37.93 38.32 62.53 45.00 0.00 36.42 36.33 44.96 45.35 84.89 84.77 87.87 85.50 38.34 38.73 36.46 36.34
62.26 48.93 49.27 54.23 60.82 75.69 80.62 63.58 84.26 62.32 51.09 0.00 39.02 50.27 63.60 82.33 65.37 50.49 76.12 58.86 84.38 0.00 69.15 88.97 0.00 83.47 81.44 68.59 41.55 85.36 51.41 84.99 84.87 38.73 40.27 41.98 35.14 34.55 34.52 33.92 38.02 33.99 64.35 0.00 84.79 84.59 41.33 86.03 44.00 41.62 60.56 87.11 0.00 55.12 34.79 34.63 86.59 41.32 0.00 87.88 86.73 44.42 44.53 85.45 0.00 40.08 39.15 39.56 34.37 35.93 39.36
83.23 45.94 85.36 48.11 69.15 83.03 68.35 68.86 79.49 65.19 63.60 75.37 0.00 82.43 40.51 47.28 62.42 32.62 83.64 84.95 0.00 47.47 87.28 82.62 0.00 61.75 38.40 72.45 41.32 88.13 40.25 43.13 49.08 75.64 41.43 40.22 42.33 39.98 55.23 60.69 38.84 36.70 0.00 70.99 46.81 38.79 60.38 0.00 40.83 44.53 0.00 0.00 36.23 34.82 39.62 39.40 80.21 0.00 84.86 40.47 41.96 42.99 34.60 0.00 68.16 36.38 46.76 35.65 59.81 86.03 36.00
0.00 87.10 50.87 47.31 51.73 58.90 85.38 61.64 74.96 50.23 62.07 66.68 0.00 65.79 25.18 37.39 54.58 36.75 56.65 0.00 84.70 52.79 85.02 40.37 27.50 0.00 58.22 38.13 41.47 38.08 66.99 47.60 46.64 39.89 45.76 78.12 61.28 61.82 86.28 38.29 84.53 43.71 84.55 0.00 0.00 0.00 0.00 50.40 86.06 44.92 0.00 47.37 43.65 58.42 85.18 42.99 39.31 0.00 40.03 39.66 45.74 84.53 34.71 0.00 38.67 36.04 36.91 0.00 88.04 37.17 69.82
84.10 0.00 87.63 72.72 75.81 50.91 66.75 59.43 65.07 66.24 59.26 68.19 62.47 0.00 85.05 64.34 64.88 59.54 0.00 48.13 84.72 51.96 39.64 50.33 45.89 0.00 70.13 36.58 42.50 42.92 38.34 36.83 36.83 82.70 41.36 51.41 84.98 0.00 83.79 80.54 48.90 43.22 39.64 36.74 40.22 49.94 0.00 0.00 0.00 0.00 0.00 41.33 40.88 88.08 39.49 39.75 38.44 0.00 36.53 63.09 59.64 80.59 39.14 0.00 49.17 74.41 0.00 40.13 36.08 35.11 42.15
67.41 85.27 0.00 86.38 79.36 73.74 53.89 74.81 79.59 48.63 53.24 60.05 57.09 54.09 65.47 90.36 50.11 47.00 0.00 42.32 46.78 50.63 44.51 74.01 51.96 59.83 0.00 54.10 35.90 36.91 77.66 74.89 69.55 86.88 35.86 37.82 0.00 44.83 36.58 38.09 40.30 35.33 35.65 35.45 39.40 37.27 36.93 40.03 39.40 84.28 0.00 0.00 0.00 52.94 84.72 67.26 0.00 56.23 0.00 0.00 0.00 0.00 0.00 0.00 0.00 0.00 0.00 39.51 55.82 79.74 37.83
0.00 0.00 0.00 0.00 0.00 63.13 39.90 73.14 81.79 85.19 73.72 52.78 84.63 57.55 47.35 54.51 52.71 48.24 48.53 0.00 44.24 42.32 86.91 43.26 44.37 71.91 0.00 85.75 72.13 45.99 57.78 46.43 88.45 49.76 84.88 84.65 0.00 43.04 84.61 50.10 35.08 50.62 63.14 54.72 68.06 81.65 47.25 37.08 46.12 46.45 78.75 84.97 85.95 0.00 0.00 0.00 45.72 0.00 41.94 72.13 85.60 42.52 38.62 0.00 36.95 37.93 45.09 0.00 88.21 44.51 59.37
0.00 0.00 0.00 0.00 0.00 84.98 82.67 0.00 83.96 43.98 86.23 48.13 53.79 85.43 87.90 52.68 83.85 67.31 59.67 83.88 87.71 50.17 40.62 39.77 89.59 61.64 29.14 0.00 0.00 48.74 40.85 56.56 0.00 52.27 85.07 48.79 0.00 0.00 86.22 85.98 85.42 84.69 44.79 0.00 0.00 0.00 0.00 0.00 43.42 46.64 38.63 40.03 36.15 56.16 0.00 40.25 42.64 0.00 39.51 35.93 35.93 70.23 42.59 39.90 0.00 38.08 40.97 44.02 0.00 0.00 0.00
0.00 72.40 66.75 57.55 89.22 0.00 0.00 63.59 42.92 87.10 46.04 48.97 85.75 0.00 0.00 0.00 0.00 76.83 45.40 42.83 41.94 87.27 42.52 46.66 0.00 0.00 46.54 21.66 0.00 40.18 51.86 0.00 45.74 40.25 83.85 39.51 0.00 45.74 48.45 44.42 42.59 43.94 84.35 0.00 41.67 41.16 47.59 84.50 0.00 62.76 39.51 43.43 42.36 38.34 0.00 53.72 38.79 0.00 47.85 43.86 41.04 39.77 37.93 86.09 86.99 38.13 38.03 86.03 37.35 85.12 57.55
