CDRMV3/输出数据/2D水深分布/水深状态_0134.ASC
ncols         194            
nrows         144            
xllcorner     602630.84259341
yllcorner     3914823.670891 
cellsize      500             
NODATA_value  -9999.00      
[rows 93 to 123 of 144, columns 71 to 141 of 194]
0.00 0.00 68.50 62.18 49.77 85.77 84.87 0.00 85.53 88.11 52.18 0.00 0.00 54.71 49.60 52.54 45.72 44.24 87.34 39.64 45.33 41.58 49.14 85.78 0.00 0.00 43.20 60.82 0.00 67.31 47.22 0.00 52.43 0.00 0.00 0.00 0.00 0.00 0.00 0.00 0.00 0.00 0.00 86.57 84.99 84.66 67.42 41.04 41.41 0.00 84.85 41.25 38.84 62.22 33.81 0.00 43.15 0.00 0.00 0.00 42.83 42.06 46.30 37.98 84.09 45.33 40.30 54.84 62.07 41.72 78.06
0.00 70.99 0.00 62.30 49.71 44.94 84.60 84.24 0.00 0.00 0.00 48.13 53.48 49.42 89.00 85.13 88.58 48.13 47.66 84.49 73.09 47.02 44.56 42.22 42.42 85.23 88.40 0.00 27.24 0.00 0.00 0.00 0.00 32.90 47.00 47.12 0.00 84.35 84.74 72.15 63.58 85.47 44.50 0.00 73.70 65.47 44.63 45.39 0.00 79.04 84.72 76.30 36.74 36.15 29.34 0.00 45.89 0.00 48.38 82.62 0.00 44.25 40.90 44.63 42.22 87.17 44.37 36.78 40.47 42.19 38.67
0.00 72.58 0.00 66.68 85.40 42.72 44.51 74.34 86.25 0.00 84.69 0.00 83.79 47.02 87.33 56.32 52.14 48.37 56.56 41.85 80.44 42.62 44.65 71.61 83.98 43.85 0.00 49.46 44.51 49.60 68.23 83.97 0.00 35.81 75.29 40.83 0.00 42.14 40.99 43.79 42.46 46.04 46.21 0.00 86.46 39.27 44.96 45.76 87.60 42.66 38.19 44.90 44.12 41.50 48.38 0.00 51.09 87.70 42.62 45.56 84.36 0.00 70.21 41.50 64.84 84.70 41.08 37.35 63.47 66.53 83.84
61.22 0.00 69.13 0.00 83.84 51.47 58.61 84.23 57.55 0.00 45.52 83.82 0.00 0.00 85.46 78.67 43.73 42.83 80.75 86.46 82.43 62.95 42.72 40.04 75.12 83.92 0.00 51.86 50.66 51.11 83.55 41.41 38.19 0.00 49.77 41.08 42.50 0.00 0.00 0.00 88.15 46.35 41.90 0.00 40.11 59.20 38.67 41.90 62.99 87.04 39.94 43.94 63.02 87.14 0.00 30.75 71.15 44.75 86.27 39.57 41.58 0.00 51.11 43.77 47.78 44.49 37.83 38.56 38.90 59.98 0.00
85.48 0.00 72.64 0.00 84.11 84.56 46.24 50.67 53.79 0.00 47.60 37.81 84.45 0.00 0.00 0.00 0.00 85.32 86.10 42.32 45.71 37.22 43.17 37.78 84.31 84.47 0.00 87.31 41.08 85.63 56.23 41.50 0.00 0.00 58.04 47.02 36.42 42.62 84.87 49.22 44.25 88.38 39.31 42.86 0.00 37.00 71.79 35.29 42.14 86.73 39.57 38.52 84.81 46.81 0.00 84.10 46.35 47.26 82.52 83.38 42.93 41.96 0.00 78.53 42.93 38.73 87.30 83.86 39.57 42.79 54.09
82.81 64.06 0.00 0.00 85.57 84.72 46.35 52.43 75.09 0.00 51.86 55.06 79.54 0.00 54.09 87.08 46.86 0.00 0.00 0.00 46.24 84.85 48.87 39.84 84.20 0.00 83.45 42.22 51.55 46.07 76.32 85.48 0.00 55.28 0.00 85.13 34.37 39.39 39.45 87.60 42.27 59.33 84.75 48.07 55.42 0.00 56.59 36.50 36.74 36.15 40.04 36.42 63.26 84.82 0.00 84.71 40.18 43.88 40.72 42.72 39.79 39.70 87.08 85.59 39.45 39.38 81.17 87.05 0.00 0.00 0.00
49.46 85.25 86.86 0.00 0.00 84.11 50.67 41.85 85.26 0.00 85.24 65.37 54.41 0.00 53.65 45.40 53.72 0.00 83.80 83.81 0.00 0.00 45.24 49.46 74.33 0.00 45.89 84.59 46.43 65.38 85.55 0.00 43.38 0.00 41.85 0.00 58.24 41.01 44.56 42.93 44.06 39.57 38.13 47.90 42.42 85.33 83.99 71.17 68.88 43.49 37.73 36.87 77.67 38.62 0.00 85.58 84.12 45.89 41.50 66.33 35.69 39.24 58.64 84.66 66.27 40.84 41.78 46.21 38.96 38.51 65.07
64.43 86.48 65.77 86.99 0.00 84.70 52.43 41.76 0.00 83.55 54.77 75.69 61.27 0.00 84.50 41.85 84.26 86.08 54.41 51.28 86.10 0.00 83.81 47.02 48.13 0.00 44.11 40.69 84.38 70.55 40.85 0.00 49.71 85.79 35.42 0.00 85.54 50.94 44.37 67.87 38.56 36.91 39.64 36.54 41.32 39.08 85.07 41.58 35.62 38.03 70.57 36.54 38.51 80.74 85.32 0.00 45.09 86.26 86.01 36.74 41.55 41.94 36.66 38.45 42.50 46.39 38.73 68.46 85.10 38.51 0.00
85.43 52.18 84.38 86.13 68.12 0.00 57.09 45.65 0.00 85.60 64.09 85.65 57.65 48.63 0.00 39.45 51.07 48.82 86.60 87.66 65.15 85.37 0.00 55.83 43.73 0.00 44.50 44.37 45.09 49.94 83.91 46.04 0.00 87.96 38.84 38.96 0.00 85.84 84.81 67.09 43.49 85.58 38.29 84.98 44.06 42.02 37.73 40.04 58.31 35.86 84.91 65.08 57.40 54.67 41.76 86.16 0.00 64.98 41.58 86.44 54.45 39.02 41.36 44.97 36.87 41.07 38.51 38.71 85.81 41.60 0.00
50.48 60.17 85.13 84.10 71.94 0.00 61.22 66.11 80.45 0.00 86.00 84.14 87.88 56.29 0.00 51.18 52.30 84.14 84.45 73.45 85.21 85.24 0.00 84.77 79.70 84.53 0.00 85.88 45.09 55.01 81.76 0.00 43.27 86.32 38.29 34.85 0.00 42.02 42.15 52.92 83.82 39.84 87.12 85.04 83.97 38.56 38.19 44.49 85.42 61.48 85.84 86.51 45.28 49.60 84.93 86.55 0.00 51.94 86.32 45.40 41.85 84.70 56.54 42.87 66.43 40.45 81.91 46.74 40.78 0.00 47.35
71.01 58.95 44.65 81.68 67.23 0.00 84.97 49.17 52.39 0.00 47.22 49.17 78.01 85.21 53.17 0.00 40.85 47.89 79.62 40.92 39.77 78.05 0.00 39.64 37.98 48.60 77.42 42.45 86.80 53.32 46.45 0.00 37.13 85.02 36.78 35.97 84.43 0.00 36.70 0.00 0.00 0.00 38.67 49.45 42.83 43.88 66.12 39.32 58.51 0.00 86.58 40.25 46.21 50.17 49.27 86.46 39.38 0.00 0.00 0.00 0.00 49.43 91.10 85.64 41.21 41.00 85.90 38.40 0.00 68.35 46.95
47.85 71.11 52.35 37.59 86.69 0.00 59.11 61.27 84.68 84.31 0.00 54.71 46.07 69.50 0.00 41.85 0.00 0.00 41.94 45.18 84.34 41.08 0.00 38.19 43.22 43.38 85.38 51.18 86.44 42.21 46.45 0.00 37.49 38.79 42.83 40.01 37.93 0.00 0.00 37.45 39.45 38.73 88.01 84.25 42.72 41.82 84.15 76.53 84.24 0.00 84.07 38.67 79.12 57.27 50.01 49.77 83.89 64.42 48.67 86.62 76.38 0.00 88.75 42.86 46.59 47.89 75.94 0.00 39.14 0.00 57.33
0.00 84.32 60.01 85.51 50.30 0.00 84.89 45.89 84.29 84.01 86.22 0.00 47.02 44.79 0.00 39.70 43.98 49.42 0.00 41.33 42.52 44.12 0.00 85.32 65.83 40.62 84.90 45.56 74.72 47.46 0.00 0.00 57.24 46.24 44.66 55.62 83.44 41.08 0.00 36.56 43.47 45.68 44.92 49.45 44.30 40.47 84.97 84.17 0.00 69.79 38.34 80.78 43.56 48.39 45.96 49.42 49.12 43.71 45.79 85.22 40.25 73.15 84.97 71.33 46.89 44.24 71.68 84.46 44.76 0.00 47.02
0.00 83.77 57.96 85.25 84.23 0.00 30.92 44.43 38.03 84.35 47.00 85.89 0.00 42.32 65.88 0.00 84.71 50.40 83.55 87.41 43.38 45.11 83.02 0.00 42.62 41.01 38.84 51.37 40.77 0.00 44.18 43.64 84.73 42.21 43.34 64.15 83.64 85.44 0.00 67.59 42.84 40.67 39.27 45.39 37.54 85.37 0.00 0.00 49.27 85.73 40.85 43.85 86.10 58.56 81.49 39.26 49.12 50.01 47.67 36.34 40.71 53.17 67.86 46.69 47.35 42.14 84.26 61.42 42.13 82.55 42.87
71.08 0.00 57.17 84.71 40.69 41.50 0.00 37.78 45.59 67.43 45.25 37.83 84.60 82.97 46.81 0.00 41.33 50.66 75.63 86.60 43.26 78.10 43.71 44.65 0.00 39.08 83.38 58.56 49.86 81.78 0.00 85.48 42.83 41.78 38.34 70.10 87.40 37.93 84.50 0.00 40.22 74.45 86.88 41.58 37.59 0.00 44.65 38.90 47.20 46.45 47.89 51.84 47.72 0.00 38.29 44.83 87.46 37.63 45.25 76.95 38.90 38.40 37.73 45.11 44.30 42.42 59.40 38.08 40.25 86.93 83.60
48.38 84.34 0.00 40.92 84.26 42.64 70.46 0.00 83.87 49.12 49.00 50.49 84.95 43.61 0.00 41.33 0.00 47.22 46.62 38.96 84.38 38.51 41.94 86.82 0.00 84.23 66.81 44.94 84.45 47.00 0.00 67.28 76.78 41.85 39.14 47.65 43.49 43.02 38.34 0.00 0.00 83.86 43.77 38.24 84.70 0.00 61.14 40.69 40.17 41.49 47.10 45.10 86.10 0.00 85.31 84.67 44.11 59.01 63.64 41.90 39.66 44.56 41.08 76.95 47.02 42.45 39.45 35.45 86.65 62.33 40.18
85.94 44.83 66.51 0.00 40.62 41.58 84.07 38.13 0.00 85.19 43.73 84.47 84.34 84.54 63.87 0.00 40.18 0.00 0.00 45.24 87.11 83.19 85.98 41.33 0.00 0.00 0.00 46.81 43.85 44.83 0.00 45.63 47.78 49.27 88.22 90.34 0.00 36.42 37.59 0.00 45.09 43.22 40.92 38.62 0.00 38.96 38.45 40.16 88.91 85.86 39.02 48.38 73.61 0.00 67.43 39.70 43.74 42.32 0.00 85.15 53.78 41.98 41.11 42.50 84.71 68.86 38.90 42.78 38.34 37.68 41.11
58.47 77.99 42.66 0.00 43.38 72.20 39.20 71.13 0.00 41.04 43.22 64.57 65.16 57.52 36.83 0.00 46.48 56.89 0.00 86.57 58.73 42.33 84.51 39.58 82.58 0.00 82.52 87.94 73.01 40.55 38.08 87.51 40.62 45.51 84.05 71.69 39.97 0.00 0.00 0.00 36.00 0.00 52.78 39.70 0.00 0.00 0.00 86.17 84.19 74.03 39.26 42.97 43.98 0.00 58.75 39.08 0.00 0.00 39.02 43.71 86.50 37.88 39.61 54.45 87.82 35.36 42.23 40.62 40.55 39.93 42.59
37.54 35.59 40.07 0.00 61.87 37.98 40.45 38.84 0.00 78.37 34.17 35.62 37.88 37.08 0.00 85.18 84.65 36.08 85.13 85.54 37.40 59.65 34.49 80.04 35.36 0.00 39.84 39.84 85.62 42.73 81.25 53.27 62.94 41.40 36.58 42.79 43.16 38.56 37.31 0.00 0.00 45.01 0.00 0.00 68.84 39.45 0.00 41.58 36.78 38.13 43.12 37.63 0.00 37.63 41.04 46.43 0.00 37.45 39.77 40.47 84.56 40.32 34.71 0.00 39.26 39.66 40.40 0.00 84.26 37.98 42.97
38.19 35.02 85.89 84.94 40.52 40.84 35.76 85.38 47.22 0.00 62.34 56.00 36.70 42.41 85.82 85.09 37.93 61.96 86.25 36.00 85.99 38.19 84.85 34.55 71.93 0.00 79.93 34.47 48.72 57.87 51.53 35.86 37.59 37.31 35.45 42.08 59.29 71.68 84.50 0.00 85.50 43.06 42.02 83.47 0.00 36.23 40.40 0.00 71.41 61.80 36.74 74.54 0.00 68.01 39.38 0.00 69.27 37.40 39.43 80.38 41.94 41.78 38.73 0.00 35.65 38.73 0.00 34.99 41.32 84.44 47.44
35.36 41.32 60.85 85.61 36.04 33.86 78.37 48.86 0.00 43.38 64.77 36.58 41.94 34.85 87.05 37.00 85.55 38.73 85.74 35.05 85.50 35.11 62.56 41.07 52.28 0.00 84.61 32.19 37.08 37.73 37.04 39.69 41.00 70.64 55.23 42.59 41.85 37.07 0.00 43.49 38.62 42.78 67.17 43.07 0.00 34.93 0.00 40.62 0.00 0.00 0.00 0.00 0.00 76.92 36.78 0.00 38.08 38.94 40.87 85.96 36.00 39.53 63.57 0.00 37.46 0.00 45.24 72.39 35.02 35.08 36.78
36.00 38.32 36.46 83.11 39.46 41.66 39.96 33.61 0.00 79.07 39.97 55.08 60.55 36.38 83.26 41.62 84.13 39.64 76.38 58.53 34.24 37.04 37.88 40.10 37.37 36.19 0.00 33.04 34.39 38.94 35.79 62.63 87.28 86.12 0.00 37.15 37.56 0.00 40.67 0.00 34.76 38.86 35.62 34.71 0.00 37.13 0.00 43.22 46.45 0.00 49.17 46.43 0.00 0.00 39.51 37.54 0.00 66.76 38.67 87.33 84.71 36.91 37.17 0.00 38.03 0.00 70.89 38.57 40.48 58.34 62.64
71.99 33.97 41.47 80.33 34.93 43.82 35.08 53.83 87.08 0.00 0.00 0.00 59.06 66.99 33.92 85.38 58.63 39.53 55.91 38.34 37.92 39.26 34.39 35.33 35.08 54.35 0.00 34.37 85.59 35.76 49.42 41.62 35.83 34.32 57.98 0.00 0.00 85.00 42.41 40.40 0.00 56.75 34.82 76.42 84.56 42.78 0.00 41.82 40.10 36.11 0.00 35.36 0.00 40.03 0.00 0.00 0.00 35.14 38.09 39.11 0.00 84.99 37.68 0.00 0.00 40.30 89.19 52.57 37.73 67.80 37.45
38.03 56.01 40.77 38.88 38.71 34.22 83.72 81.14 42.72 0.00 81.65 40.04 0.00 52.20 36.42 35.26 60.98 37.74 33.34 36.19 39.10 39.74 68.64 66.50 37.00 0.00 43.71 0.00 55.90 35.29 38.43 37.49 39.15 38.17 41.50 0.00 38.82 56.36 63.28 33.92 0.00 36.74 38.41 39.53 52.19 40.45 69.21 0.00 34.76 41.21 86.38 37.00 0.00 45.47 35.49 54.70 43.98 0.00 74.62 40.37 34.71 0.00 39.90 37.40 0.00 85.74 58.95 36.95 62.34 91.05 35.49
0.00 84.38 75.86 33.22 34.37 35.39 61.32 56.15 84.18 0.00 36.78 38.43 38.79 85.82 59.61 62.56 32.23 37.62 32.74 85.25 37.63 86.76 0.00 0.00 0.00 87.29 35.79 54.89 86.01 33.13 34.49 85.31 40.94 53.29 0.00 61.35 40.10 59.79 35.59 40.01 85.93 0.00 51.58 35.93 66.50 38.23 34.44 0.00 34.68 38.88 84.41 34.57 0.00 39.02 41.36 38.08 88.89 41.72 0.00 0.00 42.72 48.25 0.00 0.00 0.00 42.93 39.02 0.00 84.53 40.40 46.57
72.09 0.00 36.08 38.30 83.54 34.15 35.90 53.31 84.57 0.00 52.03 38.67 38.55 35.49 60.13 34.13 34.55 38.19 33.86 38.56 87.96 70.38 43.33 67.83 0.00 48.10 38.30 36.46 85.30 39.66 60.10 84.11 0.00 35.69 0.00 34.73 37.88 35.11 34.03 85.77 64.74 0.00 46.69 39.93 37.26 36.30 50.29 0.00 35.42 72.93 51.47 34.99 85.39 87.67 41.67 38.24 88.09 39.64 39.66 64.09 0.00 0.00 0.00 36.54 37.78 0.00 0.00 0.00 47.47 75.04 41.25
42.02 86.50 0.00 84.82 56.27 37.83 37.17 63.24 78.19 0.00 44.69 85.42 53.45 36.34 33.31 33.82 49.66 33.08 85.37 35.02 33.88 35.42 43.02 0.00 35.42 37.61 39.15 39.03 73.65 42.08 72.50 40.52 35.26 0.00 0.00 37.22 69.91 35.86 38.53 39.11 41.32 43.79 0.00 51.66 37.04 39.77 39.48 0.00 34.60 81.93 37.63 38.05 37.00 85.64 38.19 85.42 36.54 40.24 39.36 0.00 43.13 39.44 37.68 84.92 39.22 85.01 37.88 84.16 0.00 0.00 0.00
38.59 37.56 0.00 75.21 72.41 38.29 37.35 84.66 40.58 37.40 0.00 33.82 40.39 33.99 51.20 59.74 0.00 0.00 55.75 32.67 34.68 55.81 86.01 0.00 63.64 72.53 36.04 41.74 35.55 39.43 35.05 34.57 69.96 41.51 40.94 0.00 37.24 81.19 58.54 37.22 35.42 85.59 0.00 85.90 87.79 38.19 44.02 0.00 84.87 36.34 41.36 35.26 86.65 39.64 40.67 38.96 41.70 37.04 53.60 0.00 39.45 36.38 43.43 85.23 40.11 85.49 37.31 62.68 38.40 82.52 53.50
37.00 0.00 0.00 34.73 85.64 41.94 42.45 37.68 85.70 84.18 0.00 34.10 33.65 56.80 0.00 0.00 36.78 72.89 73.12 33.71 40.11 64.29 0.00 76.01 35.36 65.05 41.55 35.33 33.84 54.92 85.59 34.27 33.37 43.42 46.45 0.00 80.71 38.41 34.63 37.97 36.97 33.77 37.45 0.00 34.27 39.48 66.31 39.94 0.00 40.67 41.08 58.61 37.78 40.61 40.13 40.18 38.13 0.00 0.00 54.41 0.00 86.56 39.51 44.11 43.88 85.06 37.68 35.29 40.74 84.74 38.98
0.00 46.39 33.60 85.22 54.34 38.97 35.39 84.69 42.41 43.12 0.00 0.00 0.00 0.00 39.75 42.30 37.09 36.00 37.46 38.79 42.73 41.58 85.49 39.93 65.53 36.08 34.60 60.38 33.54 55.76 62.36 88.64 74.40 0.00 0.00 35.49 0.00 33.07 85.75 51.92 39.57 33.97 84.75 0.00 52.89 34.06 38.34 85.52 86.90 35.33 38.92 39.82 41.55 71.20 0.00 0.00 0.00 51.55 40.04 39.57 0.00 39.90 74.47 37.35 43.28 48.90 48.01 39.77 84.19 84.77 39.02
39.90 0.00 36.30 33.97 39.46 39.96 39.34 33.39 85.75 0.00 38.24 37.35 85.45 0.00 76.53 68.03 36.95 39.29 64.14 33.56 35.97 85.81 85.77 39.51 35.08 34.13 79.89 57.51 34.39 34.63 35.29 77.37 0.00 85.06 35.26 34.71 0.00 85.44 36.91 40.84 44.18 38.32 41.01 84.49 62.51 38.67 38.45 50.18 84.44 41.90 40.40 64.20 89.42 88.29 43.02 38.96 37.93 37.45 0.00 0.00 0.00 0.00 41.41 59.98 38.08 43.82 35.90 40.58 42.32 85.89 43.71
